6
0 1495 381 2012 1157 990 
1495 0 1135 637 583 2207 
381 1135 0 1633 778 1163 
2012 637 1633 0 886 2550 
1157 583 778 886 0 1686 
990 2207 1163 2550 1686 0 
